num      code    mode    args    name    args
    -----------------------------------------
0000|    0022                    setoutbuf
    |
0004|    0003    0001    10.0    push    10.0
    |
0017|    0004    0003    0.0     pop    0.0 
    |
0030|    0020            1.0     show    1.0 
    |
0042|    0003    0001    42.0    push    42.0
    |
0055|    0004    0003    0.0     pop    0.0 
    |
0068|    0003    0001    42.0    push    42.0
    |
0081|    0004    0003    1.0     pop    1.0 
    |
0094|    0003    0001    42.0    push    42.0
    |
0107|    0004    0003    2.0     pop    2.0 
    |
0120|    0003    0001    42.0    push    42.0
    |
0133|    0004    0003    3.0     pop    3.0 
    |
0146|    0003    0001    42.0    push    42.0
    |
0159|    0004    0003    4.0     pop    4.0 
    |
0172|    0003    0001    42.0    push    42.0
    |
0185|    0004    0003    5.0     pop    5.0 
    |
0198|    0003    0001    42.0    push    42.0
    |
0211|    0004    0003    6.0     pop    6.0 
    |
0224|    0003    0001    42.0    push    42.0
    |
0237|    0004    0003    7.0     pop    7.0 
    |
0250|    0003    0001    42.0    push    42.0
    |
0263|    0004    0003    8.0     pop    8.0 
    |
0276|    0003    0001    42.0    push    42.0
    |
0289|    0004    0003    9.0     pop    9.0 
    |
0302|    0003    0001    42.0    push    42.0
    |
0315|    0004    0003    10.0    pop    10.0
    |
0328|    0003    0001    42.0    push    42.0
    |
0341|    0004    0003    11.0    pop    11.0
    |
0354|    0003    0001    42.0    push    42.0
    |
0367|    0004    0003    12.0    pop    12.0
    |
0380|    0003    0001    42.0    push    42.0
    |
0393|    0004    0003    13.0    pop    13.0
    |
0406|    0003    0001    42.0    push    42.0
    |
0419|    0004    0003    14.0    pop    14.0
    |
0432|    0003    0001    42.0    push    42.0
    |
0445|    0004    0003    15.0    pop    15.0
    |
0458|    0003    0001    42.0    push    42.0
    |
0471|    0004    0003    16.0    pop    16.0
    |
0484|    0003    0001    42.0    push    42.0
    |
0497|    0004    0003    17.0    pop    17.0
    |
0510|    0003    0001    42.0    push    42.0
    |
0523|    0004    0003    18.0    pop    18.0
    |
0536|    0003    0001    42.0    push    42.0
    |
0549|    0004    0003    19.0    pop    19.0
    |
0562|    0003    0001    10.0    push    10.0
    |
0575|    0004    0003    20.0    pop    20.0
    |
0588|    0020            21.0    show    21.0
    |
0600|    0003    0001    10.0    push    10.0
    |
0613|    0004    0003    0.0     pop    0.0 
    |
0626|    0020            1.0     show    1.0 
    |
0638|    0003    0001    77.0    push    77.0
    |
0651|    0004    0003    0.0     pop    0.0 
    |
0664|    0003    0001    69.0    push    69.0
    |
0677|    0004    0003    1.0     pop    1.0 
    |
0690|    0003    0001    78.0    push    78.0
    |
0703|    0004    0003    2.0     pop    2.0 
    |
0716|    0003    0001    84.0    push    84.0
    |
0729|    0004    0003    3.0     pop    3.0 
    |
0742|    0003    0001    79.0    push    79.0
    |
0755|    0004    0003    4.0     pop    4.0 
    |
0768|    0003    0001    82.0    push    82.0
    |
0781|    0004    0003    5.0     pop    5.0 
    |
0794|    0003    0001    32.0    push    32.0
    |
0807|    0004    0003    6.0     pop    6.0 
    |
0820|    0003    0001    73.0    push    73.0
    |
0833|    0004    0003    7.0     pop    7.0 
    |
0846|    0003    0001    32.0    push    32.0
    |
0859|    0004    0003    8.0     pop    8.0 
    |
0872|    0003    0001    76.0    push    76.0
    |
0885|    0004    0003    9.0     pop    9.0 
    |
0898|    0003    0001    79.0    push    79.0
    |
0911|    0004    0003    10.0    pop    10.0
    |
0924|    0003    0001    86.0    push    86.0
    |
0937|    0004    0003    11.0    pop    11.0
    |
0950|    0003    0001    69.0    push    69.0
    |
0963|    0004    0003    12.0    pop    12.0
    |
0976|    0003    0001    32.0    push    32.0
    |
0989|    0004    0003    13.0    pop    13.0
    |
1002|    0003    0001    89.0    push    89.0
    |
1015|    0004    0003    14.0    pop    14.0
    |
1028|    0003    0001    79.0    push    79.0
    |
1041|    0004    0003    15.0    pop    15.0
    |
1054|    0003    0001    85.0    push    85.0
    |
1067|    0004    0003    16.0    pop    16.0
    |
1080|    0003    0001    10.0    push    10.0
    |
1093|    0004    0003    17.0    pop    17.0
    |
1106|    0020            18.0    show    18.0
    |
1118|    0003    0001    73.0    push    73.0
    |
1131|    0004    0003    0.0     pop    0.0 
    |
1144|    0003    0001    32.0    push    32.0
    |
1157|    0004    0003    1.0     pop    1.0 
    |
1170|    0003    0001    87.0    push    87.0
    |
1183|    0004    0003    2.0     pop    2.0 
    |
1196|    0003    0001    73.0    push    73.0
    |
1209|    0004    0003    3.0     pop    3.0 
    |
1222|    0003    0001    76.0    push    76.0
    |
1235|    0004    0003    4.0     pop    4.0 
    |
1248|    0003    0001    76.0    push    76.0
    |
1261|    0004    0003    5.0     pop    5.0 
    |
1274|    0003    0001    32.0    push    32.0
    |
1287|    0004    0003    6.0     pop    6.0 
    |
1300|    0003    0001    83.0    push    83.0
    |
1313|    0004    0003    7.0     pop    7.0 
    |
1326|    0003    0001    68.0    push    68.0
    |
1339|    0004    0003    8.0     pop    8.0 
    |
1352|    0003    0001    65.0    push    65.0
    |
1365|    0004    0003    9.0     pop    9.0 
    |
1378|    0003    0001    84.0    push    84.0
    |
1391|    0004    0003    10.0    pop    10.0
    |
1404|    0003    0001    98.0    push    98.0
    |
1417|    0004    0003    11.0    pop    11.0
    |
1430|    0003    0001    32.0    push    32.0
    |
1443|    0004    0003    12.0    pop    12.0
    |
1456|    0003    0001    75.0    push    75.0
    |
1469|    0004    0003    13.0    pop    13.0
    |
1482|    0003    0001    79.0    push    79.0
    |
1495|    0004    0003    14.0    pop    14.0
    |
1508|    0003    0001    68.0    push    68.0
    |
1521|    0004    0003    15.0    pop    15.0
    |
1534|    0003    0001    10.0    push    10.0
    |
1547|    0004    0003    16.0    pop    16.0
    |
1560|    0020            17.0    show    17.0
    |
1572|    0003    0001    52.0    push    52.0
    |
1585|    0004    0003    0.0     pop    0.0 
    |
1598|    0003    0001    69.0    push    69.0
    |
1611|    0004    0003    1.0     pop    1.0 
    |
1624|    0003    0001    83.0    push    83.0
    |
1637|    0004    0003    2.0     pop    2.0 
    |
1650|    0003    0001    84.0    push    84.0
    |
1663|    0004    0003    3.0     pop    3.0 
    |
1676|    0003    0001    78.0    push    78.0
    |
1689|    0004    0003    4.0     pop    4.0 
    |
1702|    0003    0001    79.0    push    79.0
    |
1715|    0004    0003    5.0     pop    5.0 
    |
1728|    0003    0001    32.0    push    32.0
    |
1741|    0004    0003    6.0     pop    6.0 
    |
1754|    0003    0001    70.0    push    70.0
    |
1767|    0004    0003    7.0     pop    7.0 
    |
1780|    0003    0001    82.0    push    82.0
    |
1793|    0004    0003    8.0     pop    8.0 
    |
1806|    0003    0001    32.0    push    32.0
    |
1819|    0004    0003    9.0     pop    9.0 
    |
1832|    0003    0001    73.0    push    73.0
    |
1845|    0004    0003    10.0    pop    10.0
    |
1858|    0003    0001    32.0    push    32.0
    |
1871|    0004    0003    11.0    pop    11.0
    |
1884|    0003    0001    80.0    push    80.0
    |
1897|    0004    0003    12.0    pop    12.0
    |
1910|    0003    0001    82.0    push    82.0
    |
1923|    0004    0003    13.0    pop    13.0
    |
1936|    0003    0001    79.0    push    79.0
    |
1949|    0004    0003    14.0    pop    14.0
    |
1962|    0003    0001    77.0    push    77.0
    |
1975|    0004    0003    15.0    pop    15.0
    |
1988|    0003    0001    73.0    push    73.0
    |
2001|    0004    0003    16.0    pop    16.0
    |
2014|    0003    0001    83.0    push    83.0
    |
2027|    0004    0003    17.0    pop    17.0
    |
2040|    0003    0001    69.0    push    69.0
    |
2053|    0004    0003    18.0    pop    18.0
    |
2066|    0003    0001    10.0    push    10.0
    |
2079|    0004    0003    19.0    pop    19.0
    |
2092|    0020            20.0    show    20.0
    |
2104|    0003    0001    10.0    push    10.0
    |
2117|    0004    0003    0.0     pop    0.0 
    |
2130|    0020            1.0     show    1.0 
    |
2142|    0003    0001    42.0    push    42.0
    |
2155|    0004    0003    0.0     pop    0.0 
    |
2168|    0003    0001    42.0    push    42.0
    |
2181|    0004    0003    1.0     pop    1.0 
    |
2194|    0003    0001    42.0    push    42.0
    |
2207|    0004    0003    2.0     pop    2.0 
    |
2220|    0003    0001    42.0    push    42.0
    |
2233|    0004    0003    3.0     pop    3.0 
    |
2246|    0003    0001    42.0    push    42.0
    |
2259|    0004    0003    4.0     pop    4.0 
    |
2272|    0003    0001    42.0    push    42.0
    |
2285|    0004    0003    5.0     pop    5.0 
    |
2298|    0003    0001    42.0    push    42.0
    |
2311|    0004    0003    6.0     pop    6.0 
    |
2324|    0003    0001    42.0    push    42.0
    |
2337|    0004    0003    7.0     pop    7.0 
    |
2350|    0003    0001    42.0    push    42.0
    |
2363|    0004    0003    8.0     pop    8.0 
    |
2376|    0003    0001    42.0    push    42.0
    |
2389|    0004    0003    9.0     pop    9.0 
    |
2402|    0003    0001    42.0    push    42.0
    |
2415|    0004    0003    10.0    pop    10.0
    |
2428|    0003    0001    42.0    push    42.0
    |
2441|    0004    0003    11.0    pop    11.0
    |
2454|    0003    0001    42.0    push    42.0
    |
2467|    0004    0003    12.0    pop    12.0
    |
2480|    0003    0001    42.0    push    42.0
    |
2493|    0004    0003    13.0    pop    13.0
    |
2506|    0003    0001    42.0    push    42.0
    |
2519|    0004    0003    14.0    pop    14.0
    |
2532|    0003    0001    42.0    push    42.0
    |
2545|    0004    0003    15.0    pop    15.0
    |
2558|    0003    0001    42.0    push    42.0
    |
2571|    0004    0003    16.0    pop    16.0
    |
2584|    0003    0001    42.0    push    42.0
    |
2597|    0004    0003    17.0    pop    17.0
    |
2610|    0003    0001    42.0    push    42.0
    |
2623|    0004    0003    18.0    pop    18.0
    |
2636|    0003    0001    42.0    push    42.0
    |
2649|    0004    0003    19.0    pop    19.0
    |
2662|    0003    0001    42.0    push    42.0
    |
2675|    0004    0003    20.0    pop    20.0
    |
2688|    0020            21.0    show    21.0
    |
2700|    0001                    halt